1.55 0.16984182232588907
1.5747474747474748 0.0
1.5994949494949495 0.39569029960852475
1.6242424242424243 1.1624254445814408
1.648989898989899 2.3374236960479244
1.6737373737373737 3.802045705565405
1.6984848484848485 5.487100501603514
1.7232323232323232 7.380686323395443
1.747979797979798 9.385277639201801
1.7727272727272727 11.502307896356887
1.7974747474747477 13.602958635653813
1.8222222222222224 15.742882862750868
1.8469696969696972 17.939387525652897
1.871717171717172 20.06080162296838
1.8964646464646466 22.112457069381684
1.9212121212121214 24.10248714753553
1.9459595959595961 25.77317796519695
1.9707070707070709 27.44492821434813
1.9954545454545456 28.87803900023656
2.0202020202020203 30.14362894912763
2.044949494949495 31.32530729655997
2.06969696969697 32.397976934060885
2.0944444444444446 33.32882653312953
2.1191919191919193 34.14781033247934
2.143939393939394 34.910092859922415
2.1686868686868688 35.62123041742207
2.1934343434343435 36.257995635218926
2.2181818181818183 36.79389780102502
2.242929292929293 37.17872020112213
2.2676767676767677 37.59426747654613
2.2924242424242425 37.761804977337775
2.317171717171717 37.95566473860933
2.341919191919192 38.165365784946545
2.3666666666666667 38.192410380380096
2.3914141414141414 38.1279090633992
2.416161616161616 37.99964027859201
2.440909090909091 37.82427094758245
2.4656565656565657 37.571100900875145
2.490404040404041 37.17611096180397
2.5151515151515156 36.70645250452413
2.5398989898989903 36.20972586243895
2.564646464646465 35.69266140567212
2.58939393939394 35.14085839941527
2.6141414141414145 34.62375214997254
2.6388888888888893 34.2568611827614
2.663636363636364 33.8440950906719
2.6883838383838388 33.38695221082321
2.7131313131313135 32.95233734642665
2.7378787878787882 32.41371756703831
2.762626262626263 31.98738736035493
2.7873737373737377 31.522846350172962
2.8121212121212125 31.10017800129461
2.836868686868687 30.699346423407295
2.861616161616162 30.31804245164988
2.8863636363636367 29.993710430499764
2.9111111111111114 29.84823127968781
2.935858585858586 29.533541615025634
2.960606060606061 29.222145154213138
2.9853535353535356 28.96819484467128
3.0101010101010104 28.706351893876842
3.034848484848485 28.38593843065623
3.05959595959596 28.217918672338627
3.0843434343434346 28.168888929123536
3.1090909090909093 28.010670016462225
3.133838383838384 27.83822378624223
3.158585858585859 27.621682786880008
3.1833333333333336 27.397738922538917
3.2080808080808083 27.06883761073519
3.232828282828283 26.854501397882323
3.257575757575758 26.567003656445625
3.2823232323232325 26.30854871543952
3.3070707070707073 26.166722149549393
3.331818181818182 26.021413554361448
3.3565656565656568 25.851549059510315
3.3813131313131315 25.666764327892807
3.4060606060606062 25.39507675954792
3.430808080808081 25.235420945410013
3.4555555555555557 25.01028171955982
3.4803030303030305 24.98522940728006
3.505050505050505 24.865246612337877
3.52979797979798 24.629574989963157
3.5545454545454547 24.476043337800615
3.5792929292929294 24.321636862259425
3.604040404040404 24.117721947797243
3.628787878787879 24.005601238411924
3.6535353535353536 23.976972872302508
3.6782828282828284 23.8362302875077
3.703030303030303 23.659085481036396
3.727777777777778 23.458202418904154
3.7525252525252526 23.391816870146982
3.7772727272727273 23.300090488926262
3.802020202020202 23.164591178601587
3.826767676767677 23.050453530223162
3.8515151515151516 22.923171482518885
3.8762626262626263 22.836573774862778
3.901010101010101 22.73454082678551
3.925757575757576 22.84392301221654
3.9505050505050505 22.7233559485266
3.9752525252525253 22.680875252868983
4.0 22.6710343994494
